N, avg
10, 1
20, 1.8
30, 2.6666666666666665
40, 3.5
50, 4.32
60, 5.166666666666667
70, 6
80, 6.825
90, 7.666666666666667
100, 8.5
110, 9.327272727272728
120, 10.166666666666666
130, 11
140, 11.82857142857143
150, 12.666666666666666
160, 13.5
170, 14.329411764705883
180, 15.166666666666666
190, 15.826315789473684
200, 16.26
210, 16.733333333333334
220, 17.236363636363638
230, 17.769565217391303
240, 18.329166666666666
250, 18.908
260, 19.50769230769231
270, 20.125925925925927
280, 20.757142857142856
290, 21.40344827586207
300, 22.063333333333333
310, 22.732258064516127
320, 23.4125
330, 23.86969696969697
340, 23.955882352941178
350, 24.085714285714285
360, 24.080555555555556
370, 23.86216216216216
380, 23.69736842105263
390, 23.587179487179487
400, 23.5475
410, 23.778048780487804
420, 24.035714285714285
430, 24.323255813953487
440, 24.634090909090908
450, 24.966666666666665
460, 25.32391304347826
470, 25.26382978723404
480, 24.95625
490, 24.695918367346938
500, 24.478
510, 24.28235294117647
520, 23.965384615384615
530, 23.90566037735849
540, 23.87962962962963
550, 23.885454545454547
560, 23.919642857142858
570, 23.982456140350877
580, 24.072413793103447
590, 24.1864406779661
600, 24.325
610, 24.48688524590164
620, 24.669354838709676
630, 24.873015873015873
640, 25.096875
650, 25.338461538461537
660, 25.51060606060606
670, 25.6910447761194
680, 25.89264705882353
690, 26.11159420289855
700, 26.347142857142856
710, 26.601408450704227
720, 26.870833333333334
730, 27.154794520547945
740, 27.455405405405404
750, 27.769333333333332
760, 28.096052631578946
770, 28.43766233766234
780, 28.79102564102564
790, 29.155696202531647
800, 29.53375
810, 29.57037037037037
820, 29.58780487804878
830, 29.62409638554217
840, 29.68095238095238
850, 29.755294117647058
860, 29.846511627906978
870, 29.95632183908046
880, 30.081818181818182
890, 30.22247191011236
900, 30.38
910, 30.551648351648353
920, 30.73695652173913
930, 30.93763440860215
940, 31.151063829787233
950, 31.376842105263158
960, 31.616666666666667
970, 31.868041237113403
980, 32.10612244897959
990, 32.137373737373736
1000, 32.184
