N, avg
10, 0.8
20, 0.9
30, 0.9333333333333333
40, 1.1
50, 1.48
60, 1.7333333333333334
70, 1.9142857142857144
80, 2.05
90, 2.1555555555555554
100, 2.25
110, 2.409090909090909
120, 2.5416666666666665
130, 2.6538461538461537
140, 2.75
150, 2.8333333333333335
160, 2.90625
170, 2.9705882352941178
180, 3.0277777777777777
190, 3.0789473684210527
200, 3.125
210, 3.1666666666666665
220, 3.2045454545454546
230, 3.239130434782609
240, 3.2708333333333335
250, 3.332
260, 3.4346153846153844
270, 3.5296296296296297
280, 3.617857142857143
290, 3.7
300, 3.776666666666667
310, 3.8548387096774195
320, 3.921875
330, 3.984848484848485
340, 4.044117647058823
350, 4.1
360, 4.152777777777778
370, 4.202702702702703
380, 4.271052631578947
390, 4.341025641025641
400, 4.4075
410, 4.470731707317073
420, 4.530952380952381
430, 4.588372093023255
440, 4.6886363636363635
450, 4.7844444444444445
460, 4.876086956521739
470, 4.963829787234043
480, 5.047916666666667
490, 5.09795918367347
500, 5.116
510, 5.133333333333334
520, 5.15
530, 5.166037735849057
540, 5.181481481481481
550, 5.201818181818182
560, 5.233928571428572
570, 5.264912280701754
580, 5.294827586206897
590, 5.323728813559322
600, 5.351666666666667
610, 5.378688524590164
620, 5.417741935483871
630, 5.506349206349206
640, 5.5921875
650, 5.6753846153846155
660, 5.756060606060606
670, 5.834328358208955
680, 5.910294117647059
690, 5.998550724637681
700, 6.0842857142857145
710, 6.167605633802817
720, 6.248611111111111
730, 6.3273972602739725
740, 6.404054054054054
750, 6.478666666666666
760, 6.551315789473684
770, 6.6220779220779225
780, 6.634615384615385
790, 6.651898734177215
800, 6.66875
810, 6.685185185185185
820, 6.701219512195122
830, 6.716867469879518
840, 6.735714285714286
850, 6.762352941176471
860, 6.788372093023256
870, 6.813793103448276
880, 6.838636363636364
890, 6.8629213483146065
900, 6.886666666666667
910, 6.90989010989011
920, 6.932608695652174
930, 6.95483870967742
940, 6.98404255319149
950, 7.015789473684211
960, 7.046875
970, 7.077319587628866
980, 7.107142857142857
990, 7.136363636363637
1000, 7.17
