N, avg
10, 1
20, 1.8
30, 2.6666666666666665
40, 2.825
50, 2.74
60, 2.95
70, 3.3285714285714287
80, 3.8375
90, 4.411111111111111
100, 5.03
110, 5.7
120, 6.391666666666667
130, 7.1
140, 7.835714285714285
150, 8.58
160, 9.33125
170, 10.1
180, 10.872222222222222
190, 11.647368421052631
200, 12.435
210, 13.223809523809523
220, 14.013636363636364
230, 14.81304347826087
240, 15.6125
250, 16.412
260, 17.21923076923077
270, 18.025925925925925
280, 18.832142857142856
290, 19.644827586206898
300, 20.456666666666667
310, 21.267741935483873
320, 22.084375
330, 22.9
340, 23.71470588235294
350, 24.52285714285714
360, 25.241666666666667
370, 25.964864864864865
380, 26.692105263157895
390, 27.42820512820513
400, 28.1675
410, 28.909756097560976
420, 29.659523809523808
430, 30.411627906976744
440, 31.16590909090909
450, 31.926666666666666
460, 32.68913043478261
470, 33.4531914893617
480, 34.22291666666667
490, 34.99387755102041
500, 35.64
510, 35.168627450980395
520, 34.75
530, 34.37735849056604
540, 34.04814814814815
550, 33.763636363636365
560, 33.517857142857146
570, 33.30877192982456
580, 33.13793103448276
590, 33
600, 32.89333333333333
610, 32.881967213114756
620, 33.148387096774194
630, 33.32698412698413
640, 33.125
650, 32.95384615384615
660, 32.81212121212121
670, 32.701492537313435
680, 32.875
690, 32.81304347826087
700, 32.418571428571425
710, 32.05774647887324
720, 31.730555555555554
730, 31.497260273972604
740, 31.433783783783785
750, 31.394666666666666
760, 31.378947368421052
770, 31.384415584415585
780, 31.411538461538463
790, 31.339240506329112
800, 31.115
810, 30.91604938271605
820, 30.741463414634147
830, 30.59277108433735
840, 30.466666666666665
850, 30.258823529411764
860, 30.063953488372093
870, 29.893103448275863
880, 29.744318181818183
890, 29.617977528089888
900, 29.513333333333332
910, 29.428571428571427
920, 29.36413043478261
930, 29.31935483870968
940, 29.29255319148936
950, 29.28421052631579
960, 29.29375
970, 29.31958762886598
980, 29.362244897959183
990, 29.421212121212122
1000, 29.457
