N, avg
10, 0.8
20, 0.9
30, 1.2666666666666666
40, 1.7
50, 1.96
60, 2.1333333333333333
70, 2.257142857142857
80, 2.35
90, 2.511111111111111
100, 2.76
110, 2.963636363636364
120, 3.1333333333333333
130, 3.276923076923077
140, 3.4
150, 3.52
160, 3.675
170, 3.8117647058823527
180, 3.933333333333333
190, 4.042105263157895
200, 4.14
210, 4.228571428571429
220, 4.3090909090909095
230, 4.3826086956521735
240, 4.45
250, 4.512
260, 4.569230769230769
270, 4.622222222222222
280, 4.671428571428572
290, 4.76551724137931
300, 4.866666666666666
310, 4.967741935483871
320, 5.0625
330, 5.151515151515151
340, 5.235294117647059
350, 5.314285714285714
360, 5.388888888888889
370, 5.4837837837837835
380, 5.576315789473684
390, 5.664102564102564
400, 5.7475
410, 5.826829268292683
420, 5.902380952380953
430, 5.974418604651163
440, 6.043181818181818
450, 6.108888888888889
460, 6.171739130434783
470, 6.231914893617021
480, 6.289583333333334
490, 6.344897959183673
500, 6.398
510, 6.449019607843137
520, 6.498076923076923
530, 6.5452830188679245
540, 6.590740740740741
550, 6.634545454545455
560, 6.676785714285714
570, 6.717543859649123
580, 6.756896551724138
590, 6.794915254237288
600, 6.831666666666667
610, 6.867213114754098
620, 6.901612903225806
630, 6.934920634920635
640, 6.9671875
650, 6.998461538461538
660, 7.028787878787878
670, 7.058208955223881
680, 7.086764705882353
690, 7.114492753623188
700, 7.1414285714285715
710, 7.167605633802817
720, 7.1930555555555555
730, 7.217808219178083
740, 7.2405405405405405
750, 7.250666666666667
760, 7.260526315789473
770, 7.27012987012987
780, 7.279487179487179
790, 7.288607594936709
800, 7.2975
810, 7.306172839506173
820, 7.314634146341463
830, 7.32289156626506
840, 7.330952380952381
850, 7.356470588235294
860, 7.398837209302326
870, 7.440229885057471
880, 7.480681818181818
890, 7.520224719101123
900, 7.558888888888889
910, 7.596703296703296
920, 7.633695652173913
930, 7.66989247311828
940, 7.70531914893617
950, 7.74
960, 7.773958333333334
970, 7.814432989690721
980, 7.857142857142857
990, 7.898989898989899
1000, 7.938
