N, avg
10, 1.7
20, 2.35
30, 2.566666666666667
40, 2.625
50, 2.84
60, 3.2
70, 3.4571428571428573
80, 3.65
90, 3.8
100, 3.92
110, 4.0181818181818185
120, 4.1
130, 4.230769230769231
140, 4.478571428571429
150, 4.613333333333333
160, 4.8
170, 4.988235294117647
180, 5.155555555555556
190, 5.226315789473684
200, 5.335
210, 5.438095238095238
220, 5.554545454545455
230, 5.660869565217391
240, 5.758333333333334
250, 5.848
260, 5.930769230769231
270, 6.007407407407407
280, 6.078571428571428
290, 6.141379310344828
300, 6.243333333333333
310, 6.393548387096774
320, 6.5375
330, 6.672727272727273
340, 6.8
350, 6.92
360, 7.033333333333333
370, 7.140540540540541
380, 7.242105263157895
390, 7.338461538461538
400, 7.43
410, 7.517073170731707
420, 7.6
430, 7.67906976744186
440, 7.8
450, 7.935555555555555
460, 8.102173913043478
470, 8.270212765957448
480, 8.43125
490, 8.585714285714285
500, 8.734
510, 8.829411764705883
520, 8.825
530, 8.828301886792453
540, 8.83148148148148
550, 8.834545454545454
560, 8.8375
570, 8.840350877192982
580, 8.843103448275862
590, 8.845762711864406
600, 8.848333333333333
610, 8.850819672131147
620, 8.853225806451613
630, 8.855555555555556
640, 8.8578125
650, 8.86
660, 8.862121212121211
670, 8.864179104477612
680, 8.866176470588234
690, 8.868115942028986
700, 8.87
710, 8.86338028169014
720, 8.9125
730, 8.982191780821918
740, 9.05
750, 9.116
760, 9.180263157894737
770, 9.231168831168832
780, 9.27948717948718
790, 9.339240506329114
800, 9.3975
810, 9.45432098765432
820, 9.509756097560976
830, 9.563855421686746
840, 9.616666666666667
850, 9.668235294117647
860, 9.71860465116279
870, 9.767816091954023
880, 9.815909090909091
890, 9.862921348314607
900, 9.908888888888889
910, 9.953846153846154
920, 9.997826086956522
930, 10.040860215053764
940, 10.082978723404254
950, 10.124210526315789
960, 10.164583333333333
970, 10.204123711340205
980, 10.242857142857142
990, 10.28080808080808
1000, 10.318
